/*--------------------------------*- C++ -*----------------------------------*\
| =========                 |                                                 |
| \\      /  F ield         | foam-extend: Open Source CFD                    |
|  \\    /   O peration     | Version:  3.0                                   |
|   \\  /    A nd           | Web:         http://www.extend-project.de       |
|    \\/     M anipulation  |                                                 |
\*---------------------------------------------------------------------------*/
FoamFile
{
    version     2.0;
    format      ascii;
    class       faceSet;
    location    "constant/polyMesh/sets";
    object      f0;
}
// * * * * * * * * * * * * * * * * * * * * * * * * * * * * * * * * * * * * * //


400
(
943334 
943335 
943336 
943337 
943338 
943339 
943340 
943341 
943342 
943343 
943344 
943345 
943346 
943347 
943348 
943349 
943350 
943351 
943352 
943353 
943354 
943355 
943356 
943357 
943358 
943359 
943360 
943361 
943362 
943363 
943364 
943365 
943366 
943367 
943368 
943369 
943370 
943371 
943372 
943373 
943374 
943375 
943376 
943377 
943378 
943379 
943380 
943381 
943382 
943383 
943384 
943385 
943386 
943387 
943388 
943389 
943390 
943391 
943392 
943393 
943394 
943395 
943396 
943397 
943398 
943399 
943400 
943401 
943402 
943403 
943404 
943405 
943406 
943407 
943408 
943409 
943410 
943411 
943412 
943413 
943414 
943415 
943416 
943417 
943418 
943419 
943420 
943421 
943422 
943423 
943424 
943425 
943426 
943427 
943428 
943429 
943430 
943431 
943432 
943433 
943434 
943435 
943436 
943437 
943438 
943439 
943440 
943441 
943442 
943443 
943444 
943445 
943446 
943447 
943448 
943449 
943450 
943451 
943452 
943453 
943454 
943455 
943456 
943457 
943458 
943459 
943460 
943461 
943462 
943463 
943464 
943465 
943466 
943467 
943468 
943469 
943470 
943471 
943472 
943473 
943474 
943475 
943476 
943477 
943478 
943479 
943480 
943481 
943482 
943483 
943484 
943485 
943486 
943487 
943488 
943489 
943490 
943491 
943492 
943493 
943494 
943495 
943496 
943497 
943498 
943499 
943500 
943501 
943502 
943503 
943504 
943505 
943506 
943507 
943508 
943509 
943510 
943511 
943512 
943513 
943514 
943515 
943516 
943517 
943518 
943519 
943520 
943521 
943522 
943523 
943524 
943525 
943526 
943527 
943528 
943529 
943530 
943531 
943532 
943533 
943534 
943535 
943536 
943537 
943538 
943539 
943540 
943541 
943542 
943543 
943544 
943545 
943546 
943547 
943548 
943549 
943550 
943551 
943552 
943553 
943554 
943555 
943556 
943557 
943558 
943559 
943560 
943561 
943562 
943563 
943564 
943565 
943566 
943567 
943568 
943569 
943570 
943571 
943572 
943573 
943574 
943575 
943576 
943577 
943578 
943579 
943580 
943581 
943582 
943583 
943584 
943585 
943586 
943587 
943588 
943589 
943590 
943591 
943592 
943593 
943594 
943595 
943596 
943597 
943598 
943599 
943600 
943601 
943602 
943603 
943604 
943605 
943606 
943607 
943608 
943609 
943610 
943611 
943612 
943613 
943614 
943615 
943616 
943617 
943618 
943619 
943620 
943621 
943622 
943623 
943624 
943625 
943626 
943627 
943628 
943629 
943630 
943631 
943632 
943633 
943634 
943635 
943636 
943637 
943638 
943639 
943640 
943641 
943642 
943643 
943644 
943645 
943646 
943647 
943648 
943649 
943650 
943651 
943652 
943653 
943654 
943655 
943656 
943657 
943658 
943659 
943660 
943661 
943662 
943663 
943664 
943665 
943666 
943667 
943668 
943669 
943670 
943671 
943672 
943673 
943674 
943675 
943676 
943677 
943678 
943679 
943680 
943681 
943682 
943683 
943684 
943685 
943686 
943687 
943688 
943689 
943690 
943691 
943692 
943693 
943694 
943695 
943696 
943697 
943698 
943699 
943700 
943701 
943702 
943703 
943704 
943705 
943706 
943707 
943708 
943709 
943710 
943711 
943712 
943713 
943714 
943715 
943716 
943717 
943718 
943719 
943720 
943721 
943722 
943723 
943724 
943725 
943726 
943727 
943728 
943729 
943730 
943731 
943732 
943733 
)

// ************************************************************************* //
