/*--------------------------------*- C++ -*----------------------------------*\
| =========                 |                                                 |
| \\      /  F ield         | foam-extend: Open Source CFD                    |
|  \\    /   O peration     | Version:  3.0                                   |
|   \\  /    A nd           | Web:         http://www.extend-project.de       |
|    \\/     M anipulation  |                                                 |
\*---------------------------------------------------------------------------*/
FoamFile
{
    version     2.0;
    format      ascii;
    class       regIOobject;
    location    "constant/polyMesh";
    object      pointZones;
}
// * * * * * * * * * * * * * * * * * * * * * * * * * * * * * * * * * * * * * //

1
(
p0
{
    type pointZone;
pointLabels     List<label> 
800
(
0
1
2
3
4
5
6
7
8
9
10
11
12
13
14
15
16
17
18
19
20
21
22
23
24
25
26
27
28
29
30
31
32
33
34
35
36
37
38
39
40
41
42
43
44
45
46
47
48
49
50
51
52
53
54
55
56
57
58
59
60
61
62
63
64
65
66
67
68
69
70
71
72
73
74
75
76
77
78
79
80
81
82
83
84
85
86
87
88
89
90
91
92
93
94
95
96
97
98
99
100
101
102
103
104
105
106
107
108
109
110
111
112
113
114
115
116
117
118
119
120
121
122
123
124
125
126
127
128
129
130
131
132
133
134
135
136
137
138
139
140
141
142
143
144
145
146
147
148
149
150
151
152
153
154
155
156
157
158
159
160
161
162
163
164
165
166
167
168
169
170
171
172
173
174
175
176
177
178
179
180
181
182
183
184
185
186
187
188
189
190
191
192
193
194
195
196
197
198
199
200
201
202
203
204
205
206
207
208
209
210
211
212
213
214
215
216
217
218
219
220
221
222
223
224
225
226
227
228
229
230
231
232
233
234
235
236
237
238
239
240
241
242
243
244
245
246
247
248
249
250
251
252
253
254
255
256
257
258
259
260
261
262
263
264
265
266
267
268
269
270
271
272
273
274
275
276
277
278
279
280
281
282
283
284
285
286
287
288
289
290
291
292
293
294
295
296
297
298
299
300
301
302
303
304
305
306
307
308
309
310
311
312
313
314
315
316
317
318
319
320
321
322
323
324
325
326
327
328
329
330
331
332
333
334
335
336
337
338
339
340
341
342
343
344
345
346
347
348
349
350
351
352
353
354
355
356
357
358
359
360
361
362
363
364
365
366
367
368
369
370
371
372
373
374
375
376
377
378
379
380
381
382
383
384
385
386
387
388
389
390
391
392
393
394
395
396
397
398
399
314778
314779
314780
314781
314782
314783
314784
314785
314786
314787
314788
314789
314790
314791
314792
314793
314794
314795
314796
314797
314798
314799
314800
314801
314802
314803
314804
314805
314806
314807
314808
314809
314810
314811
314812
314813
314814
314815
314816
314817
314818
314819
314820
314821
314822
314823
314824
314825
314826
314827
314828
314829
314830
314831
314832
314833
314834
314835
314836
314837
314838
314839
314840
314841
314842
314843
314844
314845
314846
314847
314848
314849
314850
314851
314852
314853
314854
314855
314856
314857
314858
314859
314860
314861
314862
314863
314864
314865
314866
314867
314868
314869
314870
314871
314872
314873
314874
314875
314876
314877
314878
314879
314880
314881
314882
314883
314884
314885
314886
314887
314888
314889
314890
314891
314892
314893
314894
314895
314896
314897
314898
314899
314900
314901
314902
314903
314904
314905
314906
314907
314908
314909
314910
314911
314912
314913
314914
314915
314916
314917
314918
314919
314920
314921
314922
314923
314924
314925
314926
314927
314928
314929
314930
314931
314932
314933
314934
314935
314936
314937
314938
314939
314940
314941
314942
314943
314944
314945
314946
314947
314948
314949
314950
314951
314952
314953
314954
314955
314956
314957
314958
314959
314960
314961
314962
314963
314964
314965
314966
314967
314968
314969
314970
314971
314972
314973
314974
314975
314976
314977
314978
314979
314980
314981
314982
314983
314984
314985
314986
314987
314988
314989
314990
314991
314992
314993
314994
314995
314996
314997
314998
314999
315000
315001
315002
315003
315004
315005
315006
315007
315008
315009
315010
315011
315012
315013
315014
315015
315016
315017
315018
315019
315020
315021
315022
315023
315024
315025
315026
315027
315028
315029
315030
315031
315032
315033
315034
315035
315036
315037
315038
315039
315040
315041
315042
315043
315044
315045
315046
315047
315048
315049
315050
315051
315052
315053
315054
315055
315056
315057
315058
315059
315060
315061
315062
315063
315064
315065
315066
315067
315068
315069
315070
315071
315072
315073
315074
315075
315076
315077
315078
315079
315080
315081
315082
315083
315084
315085
315086
315087
315088
315089
315090
315091
315092
315093
315094
315095
315096
315097
315098
315099
315100
315101
315102
315103
315104
315105
315106
315107
315108
315109
315110
315111
315112
315113
315114
315115
315116
315117
315118
315119
315120
315121
315122
315123
315124
315125
315126
315127
315128
315129
315130
315131
315132
315133
315134
315135
315136
315137
315138
315139
315140
315141
315142
315143
315144
315145
315146
315147
315148
315149
315150
315151
315152
315153
315154
315155
315156
315157
315158
315159
315160
315161
315162
315163
315164
315165
315166
315167
315168
315169
315170
315171
315172
315173
315174
315175
315176
315177
)
;
}
)

// ************************************************************************* //
